time_period_start,time_period_end,wind_direction_degree,wind_speed_km,swell_direction_degree,swell_height_km,seascale_beaufort_scale,current_direction_degree,current_speed_kt,draft_fwd_m,draft_aft_m,mean_draft_m,trim_m,ballast_quantity_cbm,_ttl_displacement_mt,remarks
2021-01-02 07:00:00,2021-01-03 07:00:00,350,20,340,3,4,0,0,8.6,9,8.8,0.40000000000000036,8773,39762,
2021-01-03 07:00:00,2021-01-04 07:00:00,40,20,350,2,4,0,0,8.6,9,8.8,0.40000000000000036,8773,39762,
2021-01-04 07:00:00,2021-01-05 07:00:00,45,30,0,0,6,220,3,8.6,9,8.8,0.40000000000000036,8773,39762,
2021-01-05 07:00:00,2021-01-06 07:00:00,50,20,0,0,4,0,0,8.6,9,8.8,0.40000000000000036,8773,39762,
2021-01-06 07:00:00,2021-01-07 07:00:00,350,10,0,0,0,0,0,8.6,9,8.8,0.40000000000000036,8773,39762,
2021-01-07 07:00:00,2021-01-08 07:00:00,350,12,0,0,0,0,0,7.3,9.2,8.25,1.8999999999999995,12773,36957,
2021-01-08 07:00:00,2021-01-09 07:00:00,350,8,0,0,0,0,0,5.5,8.1,6.8,2.5999999999999996,17396,29731,
2021-01-09 07:00:00,2021-01-10 07:00:00,280,18,300,2,3,0,0,5.7,8.3,7,2.6000000000000005,17396,29731,
2021-01-10 07:00:00,2021-01-11 07:00:00,220,22,0,0,3,90,1,5.7,8.3,7,2.6000000000000005,17396,29731,
2021-01-11 07:00:00,2021-01-12 07:00:00,270,15,0,0,3,15,1,5.7,8.3,7,2.6000000000000005,17396,29731,
2021-01-12 07:00:00,2021-01-13 07:00:00,45,6,0,0,2,0,0,5.7,8.3,7,2.6000000000000005,17396,29731,
2021-01-13 07:00:00,2021-01-14 07:00:00,50,25,0,0,5,0,0,5.7,8.3,7,2.6000000000000005,17396,29731,
2021-01-14 07:00:00,2021-01-15 07:00:00,40,20,0,0,2,0,0,5.7,8.3,7,2.6000000000000005,17396,29731,
2021-01-15 07:00:00,2021-01-16 07:00:00,10,15,0,0,3,0,0,5.7,8.3,7,2.6000000000000005,17396,29731,
2021-01-16 07:00:00,2021-01-17 07:00:00,320,10,0,0,0,0,0,5.7,8.3,7,2.6000000000000005,17396,29731,
2021-01-17 07:00:00,2021-01-18 07:00:00,315,8,0,0,0,0,0,5.7,8.3,7,2.6000000000000005,17396,29731,
2021-01-18 07:00:00,2021-01-19 07:00:00,220,15,0,0,0,0,0,5.7,8.3,7,2.6000000000000005,17396,29731,
2021-01-19 07:00:00,2021-01-20 07:00:00,200,10,0,0,0,0,0,8.3,9.7,9,1.3999999999999986,0,39945,
2021-01-20 07:00:00,2021-01-21 07:00:00,120,20,0,0,3,0,0,10.1,10.1,10.1,0,0,45069,
2021-01-21 07:00:00,2021-01-22 07:00:00,200,28,0,0,5,0,0,10.1,10.1,10.1,0,0,45069,
2021-01-22 07:00:00,2021-01-23 07:00:00,220,15,0,0,3,90,1,10.1,10.1,10.1,0,0,45069,
2021-01-23 07:00:00,2021-01-24 07:00:00,220,12,0,0,3,0,0,10.1,10.1,10.1,0,0,45069,
2021-01-24 07:00:00,2021-01-25 07:00:00,280,12,0,1,3,0,0,10.1,10.1,10.1,0,0,45069,
2021-01-25 07:00:00,2021-01-26 07:00:00,270,20,300,1,4,90,2.5,10.1,10.1,10.1,0,0,45069,
2021-01-26 07:00:00,2021-01-27 07:00:00,280,15,240,2,3,0,0,10.1,10.1,10.1,0,0,45069,
2021-01-27 07:00:00,2021-01-28 07:00:00,270,18,0,0,0,0,0,10.1,10.1,10.1,0,0,45069,
2021-01-28 07:00:00,2021-01-29 07:00:00,280,15,0,0,0,0,0,7.6,8.4,8,0.8000000000000007,10940,34740,
2021-01-29 07:00:00,2021-01-30 07:00:00,240,15,0,0,0,0,0,5.5,8.2,6.85,2.6999999999999993,16940,29450,
2021-01-30 07:00:00,2021-01-31 07:00:00,270,28,0,0,0,0,0,5.5,8.2,6.85,2.6999999999999993,16940,29450,
2021-01-31 07:00:00,2021-02-01 07:00:00,270,35,0,0,0,0,0,5.5,8.2,6.85,2.6999999999999993,16940,29450,
2021-02-01 07:00:00,2021-02-02 07:00:00,240,30,270,5,6,0,0,5.5,8.2,6.85,2.6999999999999993,16940,29450,
2021-02-02 07:00:00,2021-02-03 07:00:00,290,25,270,5,6,0,0,5.5,8.2,6.85,2.6999999999999993,16940,29450,
2021-02-03 07:00:00,2021-02-04 07:00:00,180,12,240,1,3,0,0,5.7,8.2,6.949999999999999,2.499999999999999,16940,29450,
2021-02-04 07:00:00,2021-02-05 07:00:00,90,35,0,0,6,0,0,5.7,8.2,6.949999999999999,2.499999999999999,16940,29450,
2021-02-05 07:00:00,2021-02-06 07:00:00,90,20,0,0,3,0,0,5.7,8.2,6.949999999999999,2.499999999999999,16940,29450,
2021-02-06 07:00:00,2021-02-07 07:00:00,50,20,0,0,4,0,0,5.7,8.2,6.949999999999999,2.499999999999999,16940,29450,
2021-02-07 07:00:00,2021-02-08 07:00:00,90,15,0,0,ice,0,0,5.7,8.2,6.949999999999999,2.499999999999999,16940,29450,
2021-02-08 07:00:00,2021-02-09 07:00:00,45,6,0,0,ice,0,0,5.7,8.2,6.949999999999999,2.499999999999999,16940,29450,
2021-02-09 07:00:00,2021-02-10 07:00:00,45,4,0,0,ice,0,0,7.4,9,8.2,1.5999999999999996,0,36055,
2021-02-10 07:00:00,2021-02-11 07:00:00,20,12,0,0,ice,0,0,10.5,10.5,10.5,0,0,47159,
2021-02-11 07:00:00,2021-02-12 07:00:00,30,12,0,0,3,0,0,10.5,10.5,10.5,0,0,47159,
2021-02-12 07:00:00,2021-02-13 07:00:00,330,25,0,0,0,0,0,8.7,10.4,9.55,1.700000000000001,0,42831,
2021-02-13 07:00:00,2021-02-14 07:00:00,320,22,0,0,0,0,0,6.4,7.9,7.15,1.5,14765,30621,
2021-02-14 07:00:00,2021-02-15 07:00:00,320,15,0,0,3,0,0,5.5,8.1,6.8,2.5999999999999996,16272,28886,
2021-02-15 07:00:00,2021-02-16 07:00:00,300,25,0,0,4,0,0,5.5,8.1,6.8,2.5999999999999996,16272,28886,
2021-02-16 07:00:00,2021-02-17 07:00:00,10,10,0,0,0,0,0,5.5,7.4,6.45,1.9000000000000004,10026,27430,
2021-02-17 07:00:00,2021-02-18 07:00:00,230,6,0,0,ice,0,0,10.2,10.2,10.2,0,0,45490,
2021-02-18 07:00:00,2021-02-19 07:00:00,190,25,0,0,5,0,0,10.2,10.2,10.2,0,0,45490,
2021-02-19 07:00:00,2021-02-20 07:00:00,180,12,0,0,2,0,0,10.2,10.2,10.2,0,0,45490,
2021-02-20 07:00:00,2021-02-21 07:00:00,190,20,270,1,4,90,1,10.2,10.2,10.2,0,0,45490,
2021-02-21 07:00:00,2021-02-22 07:00:00,180,10,0,0,2,0,0,10.2,10.2,10.2,0,0,45490,
2021-02-22 07:00:00,2021-02-23 07:00:00,180,22,240,2,5,0,0,10.2,10.2,10.2,0,0,45490,
2021-02-23 07:00:00,2021-02-24 07:00:00,190,35,240,6,7,0,0,10.2,10.2,10.2,0,0,45490,
2021-02-24 07:00:00,2021-02-25 07:00:00,190,15,340,3,4,0,0,10.2,10.2,10.2,0,0,45490,
2021-02-25 07:00:00,2021-02-26 07:00:00,140,10,0,0,0,0,0,7.8,9.2,8.5,1.3999999999999995,4123,37306,
2021-02-26 07:00:00,2021-02-27 07:00:00,20,10,0,0,4,340,4,5.2,8,6.6,2.8,15530,27884,
2021-02-27 07:00:00,2021-02-28 07:00:00,90,20,250,3,5,0,0,5.2,8,6.6,2.8,15530,27884,
2021-02-28 07:00:00,2021-03-01 07:00:00,90,20,250,2,5,250,1,5.2,8,6.6,2.8,15530,27800,
2021-03-01 07:00:00,2021-03-02 07:00:00,90,15,90,1,3,0,0,5.2,8,6.6,2.8,15530,27800,
2021-03-02 07:00:00,2021-03-03 07:00:00,230,15,270,2,4,0,0,5.7,8.2,6.949999999999999,2.499999999999999,16940,29000,
2021-03-03 07:00:00,2021-03-04 07:00:00,230,15,270,2,4,0,0,5.7,8.2,6.949999999999999,2.499999999999999,16940,29000,
2021-03-04 07:00:00,2021-03-05 07:00:00,330,15,0,0,3,0,0,5.7,8.2,6.949999999999999,2.499999999999999,16940,29000,
2021-03-05 07:00:00,2021-03-06 07:00:00,280,20,0,0,4,0,0,5.7,8.2,6.949999999999999,2.499999999999999,16900,29000,
2021-03-06 07:00:00,2021-03-07 07:00:00,0,24,0,0,2,0,0,6.62,8.79,7.705,2.169999999999999,7750,33500,
2021-03-07 07:00:00,2021-03-08 07:00:00,0,10,0,0,2,0,0,9.8,9.88,9.84,0.08000000000000007,0,44230,
2021-03-08 07:00:00,2021-03-09 07:00:00,270,22,270,2,5,0,0,10.5,10.5,10.5,0,0,47200,
2021-03-09 07:00:00,2021-03-10 07:00:00,240,10,240,1,3,0,0,10.5,10.5,10.5,0,0,47200,
2021-03-10 07:00:00,2021-03-11 07:00:00,180,24,180,1,6,0,0,7.6,8.8,8.2,1.200000000000001,6580,35972,
2021-03-11 07:00:00,2021-03-12 07:00:00,220,15,220,1,4,0,0,5.7,8.2,6.949999999999999,2.499999999999999,16900,29500,
2021-03-12 07:00:00,2021-03-13 07:00:00,180,15,180,1,4,0,0,5.7,8.2,6.949999999999999,2.499999999999999,16900,29500,
2021-03-13 07:00:00,2021-03-14 07:00:00,180,24,180,1,6,0,0,5.7,8.2,6.949999999999999,2.499999999999999,16900,29500,
2021-03-14 07:00:00,2021-03-15 07:00:00,220,10,220,1,3,0,0,5.7,8.2,6.949999999999999,2.499999999999999,16900,29500,
2021-03-15 07:00:00,2021-03-16 07:00:00,300,5,0,0,1,0,0,5.7,8.2,6.949999999999999,2.499999999999999,16900,29500,
2021-03-16 07:00:00,2021-03-17 07:00:00,45,20,045,1,3,0,0,5.7,8.2,6.949999999999999,2.499999999999999,16800,29500,
2021-03-17 07:00:00,2021-03-18 07:00:00,40,12,040,1,3,0,0,5.7,8.2,6.949999999999999,2.499999999999999,16500,29500,
2021-03-18 07:00:00,2021-03-19 07:00:00,340,15,0,0,0,0,0,5.7,8.2,6.949999999999999,2.499999999999999,16500,29500,
2021-03-19 07:00:00,2021-03-20 07:00:00,340,25,0,0,0,0,0,10.1,10.1,10.1,0,0,45400,
2021-03-20 07:00:00,2021-03-21 07:00:00,240,25,340,2,5,0,0,10.1,10.1,10.1,0,0,45400,
2021-03-21 07:00:00,2021-03-22 07:00:00,240,10,240,1,3,0,0,10.1,10.1,10.1,0,0,45400,
2021-03-22 07:00:00,2021-03-23 07:00:00,270,10,270,1,2,0,0,10.1,10.1,10.1,0,0,45400,
2021-03-23 07:00:00,2021-03-24 07:00:00,220,15,220,1,3,0,0,10.1,10.1,10.1,0,0,45400,
2021-03-24 07:00:00,2021-03-25 07:00:00,220,15,220,1,3,0,0,10.1,10.1,10.1,0,0,45400,
2021-03-25 07:00:00,2021-03-26 07:00:00,220,25,220,3,6,0,0,10.1,10.1,10.1,0,0,45400,
2021-03-26 07:00:00,2021-03-27 07:00:00,290,10,290,1,3,0,0,8.47,9.94,9.205,1.4699999999999989,0,42162,
2021-03-27 07:00:00,2021-03-28 06:00:00,290,10,290,1,3,0,0,7.7,8.59,8.145,0.8899999999999997,16000,36464,
2021-03-28 06:00:00,2021-03-29 06:00:00,220,10,220,2,3,0,0,5.5,8,6.75,2.5,17200,29500,
2021-03-29 06:00:00,2021-03-30 06:00:00,220,10,220,1,1,010,1,5.5,8,6.75,2.5,17200,29500,
2021-03-30 06:00:00,2021-03-31 06:00:00,220,10,220,1,1,0,0,5.5,8,6.75,2.5,17200,29500,
2021-03-31 06:00:00,2021-04-01 06:00:00,10,6,010,1,1,270,0.5,6,6.8,6.4,0.7999999999999998,14537,26800,
2021-04-01 06:00:00,2021-04-02 06:00:00,270,13,270,1,2,0,0,5.5,8,6.75,2.5,17200,29500,
2021-04-02 06:00:00,2021-04-03 06:00:00,270,10,270,1,3,0,0,5.5,8,6.75,2.5,17200,29500,
2021-04-03 06:00:00,2021-04-04 06:00:00,270,10,270,1,3,0,0,8.31,10.28,9.295,1.9699999999999989,0,41848,
2021-04-04 06:00:00,2021-04-05 06:00:00,220,30,220,3,6,0,0,10.7,10.7,10.7,0,0,48170,
2021-04-05 06:00:00,2021-04-06 06:00:00,270,25,270,2,6,0,0,10.7,10.7,10.7,0,0,48100,
2021-04-06 06:00:00,2021-04-07 06:00:00,270,25,270,2,6,0,0,10.7,10.7,10.7,0,0,48100,
2021-04-07 06:00:00,2021-04-08 06:00:00,270,20,270,2,6,0,0,10.7,10.7,10.7,0,0,48100,
2021-04-08 06:00:00,2021-04-09 06:00:00,270,35,270,3,7,0,0,10.7,10.7,10.7,0,0,48100,
2021-04-09 06:00:00,,,,,,,,,,,0,0,,,
,,,,,,,,,,,0,0,,,
,,,,,,,,,,,0,0,,,
,,,,,,,,,,,0,0,,,
,,,,,,,,,,,0,0,,,
,,,,,,,,,,,0,0,,,
,,,,,,,,,,,0,0,,,
,,,,,,,,,,,0,0,,,
,,,,,,,,,,,0,0,,,
,,,,,,,,,,,0,0,,,
,,,,,,,,,,,0,0,,,
,,,,,,,,,,,0,0,,,
,,,,,,,,,,,0,0,,,
,,,,,,,,,,,0,0,,,
,,,,,,,,,,,0,0,,,
,,,,,,,,,,,0,0,,,
,,,,,,,,,,,0,0,,,
,,,,,,,,,,,0,0,,,
,,,,,,,,,,,0,0,,,
,,,,,,,,,,,0,0,,,
,,,,,,,,,,,0,0,,,
,,,,,,,,,,,0,0,,,
,,,,,,,,,,,0,0,,,
,,,,,,,,,,,0,0,,,
,,,,,,,,,,,0,0,,,
,,,,,,,,,,,0,0,,,
,,,,,,,,,,,0,0,,,
,,,,,,,,,,,0,0,,,
,,,,,,,,,,,0,0,,,
,,,,,,,,,,,0,0,,,
,,,,,,,,,,,0,0,,,
,,,,,,,,,,,0,0,,,
,,,,,,,,,,,0,0,,,
,,,,,,,,,,,0,0,,,
,,,,,,,,,,,0,0,,,
,,,,,,,,,,,0,0,,,
,,,,,,,,,,,0,0,,,
,,,,,,,,,,,0,0,,,
,,,,,,,,,,,0,0,,,
,,,,,,,,,,,0,0,,,
,,,,,,,,,,,0,0,,,
,,,,,,,,,,,0,0,,,
,,,,,,,,,,,0,0,,,
,,,,,,,,,,,0,0,,,
,,,,,,,,,,,0,0,,,
,,,,,,,,,,,0,0,,,
,,,,,,,,,,,0,0,,,
,,,,,,,,,,,0,0,,,
,,,,,,,,,,,0,0,,,
,,,,,,,,,,,0,0,,,
,,,,,,,,,,,0,0,,,
,,,,,,,,,,,0,0,,,
,,,,,,,,,,,0,0,,,
,,,,,,,,,,,0,0,,,
,,,,,,,,,,,0,0,,,
,,,,,,,,,,,0,0,,,
,,,,,,,,,,,0,0,,,
,,,,,,,,,,,0,0,,,
,,,,,,,,,,,0,0,,,
,,,,,,,,,,,0,0,,,
,,,,,,,,,,,0,0,,,
,,,,,,,,,,,0,0,,,
,,,,,,,,,,,0,0,,,
,,,,,,,,,,,0,0,,,
,,,,,,,,,,,0,0,,,
,,,,,,,,,,,0,0,,,
,,,,,,,,,,,0,0,,,
,,,,,,,,,,,0,0,,,
,,,,,,,,,,,0,0,,,
,,,,,,,,,,,0,0,,,
,,,,,,,,,,,0,0,,,
,,,,,,,,,,,0,0,,,
,,,,,,,,,,,0,0,,,
,,,,,,,,,,,0,0,,,
,,,,,,,,,,,0,0,,,
,,,,,,,,,,,0,0,,,
,,,,,,,,,,,0,0,,,
,,,,,,,,,,,0,0,,,
,,,,,,,,,,,0,0,,,
,,,,,,,,,,,0,0,,,
,,,,,,,,,,,0,0,,,
,,,,,,,,,,,0,0,,,
,,,,,,,,,,,0,0,,,
,,,,,,,,,,,0,0,,,
,,,,,,,,,,,0,0,,,
,,,,,,,,,,,0,0,,,
,,,,,,,,,,,0,0,,,
,,,,,,,,,,,0,0,,,
,,,,,,,,,,,0,0,,,
,,,,,,,,,,,0,0,,,
,,,,,,,,,,,0,0,,,
,,,,,,,,,,,0,0,,,
,,,,,,,,,,,0,0,,,
,,,,,,,,,,,0,0,,,
,,,,,,,,,,,0,0,,,
,,,,,,,,,,,0,0,,,
,,,,,,,,,,,0,0,,,
,,,,,,,,,,,0,0,,,
,,,,,,,,,,,0,0,,,
,,,,,,,,,,,0,0,,,
,,,,,,,,,,,0,0,,,
,,,,,,,,,,,0,0,,,
,,,,,,,,,,,0,0,,,
,,,,,,,,,,,0,0,,,
,,,,,,,,,,,0,0,,,
,,,,,,,,,,,0,0,,,
,,,,,,,,,,,0,0,,,
,,,,,,,,,,,0,0,,,
,,,,,,,,,,,0,0,,,
,,,,,,,,,,,0,0,,,
,,,,,,,,,,,0,0,,,
,,,,,,,,,,,0,0,,,
,,,,,,,,,,,0,0,,,
,,,,,,,,,,,0,0,,,
,,,,,,,,,,,0,0,,,
,,,,,,,,,,,0,0,,,
,,,,,,,,,,,0,0,,,
,,,,,,,,,,,0,0,,,
,,,,,,,,,,,0,0,,,
,,,,,,,,,,,0,0,,,
,,,,,,,,,,,0,0,,,
,,,,,,,,,,,0,0,,,
,,,,,,,,,,,0,0,,,
,,,,,,,,,,,0,0,,,
,,,,,,,,,,,0,0,,,
,,,,,,,,,,,0,0,,,
,,,,,,,,,,,0,0,,,
,,,,,,,,,,,0,0,,,
,,,,,,,,,,,0,0,,,
,,,,,,,,,,,0,0,,,
,,,,,,,,,,,0,0,,,
,,,,,,,,,,,0,0,,,
,,,,,,,,,,,0,0,,,
,,,,,,,,,,,0,0,,,
,,,,,,,,,,,0,0,,,
,,,,,,,,,,,0,0,,,
,,,,,,,,,,,0,0,,,
,,,,,,,,,,,0,0,,,
,,,,,,,,,,,0,0,,,
,,,,,,,,,,,0,0,,,
,,,,,,,,,,,0,0,,,
,,,,,,,,,,,0,0,,,
,,,,,,,,,,,0,0,,,
,,,,,,,,,,,0,0,,,
,,,,,,,,,,,0,0,,,
,,,,,,,,,,,0,0,,,
,,,,,,,,,,,0,0,,,
,,,,,,,,,,,0,0,,,
,,,,,,,,,,,0,0,,,
,,,,,,,,,,,0,0,,,
,,,,,,,,,,,0,0,,,
,,,,,,,,,,,0,0,,,
,,,,,,,,,,,0,0,,,
,,,,,,,,,,,0,0,,,
,,,,,,,,,,,0,0,,,
,,,,,,,,,,,0,0,,,
,,,,,,,,,,,0,0,,,
,,,,,,,,,,,0,0,,,
,,,,,,,,,,,0,0,,,
,,,,,,,,,,,0,0,,,
,,,,,,,,,,,0,0,,,
,,,,,,,,,,,0,0,,,
,,,,,,,,,,,0,0,,,
,,,,,,,,,,,0,0,,,
,,,,,,,,,,,0,0,,,
,,,,,,,,,,,0,0,,,
,,,,,,,,,,,0,0,,,
,,,,,,,,,,,0,0,,,
,,,,,,,,,,,0,0,,,
,,,,,,,,,,,0,0,,,
,,,,,,,,,,,0,0,,,
,,,,,,,,,,,0,0,,,
,,,,,,,,,,,0,0,,,
,,,,,,,,,,,0,0,,,
,,,,,,,,,,,0,0,,,
,,,,,,,,,,,0,0,,,
,,,,,,,,,,,0,0,,,
,,,,,,,,,,,0,0,,,
,,,,,,,,,,,0,0,,,
,,,,,,,,,,,0,0,,,
,,,,,,,,,,,0,0,,,
,,,,,,,,,,,0,0,,,
,,,,,,,,,,,0,0,,,
,,,,,,,,,,,0,0,,,
,,,,,,,,,,,0,0,,,
,,,,,,,,,,,0,0,,,
,,,,,,,,,,,0,0,,,
,,,,,,,,,,,0,0,,,
,,,,,,,,,,,0,0,,,
,,,,,,,,,,,0,0,,,
,,,,,,,,,,,0,0,,,
,,,,,,,,,,,0,0,,,
,,,,,,,,,,,0,0,,,
,,,,,,,,,,,0,0,,,
,,,,,,,,,,,0,0,,,
,,,,,,,,,,,0,0,,,
,,,,,,,,,,,0,0,,,
,,,,,,,,,,,0,0,,,
,,,,,,,,,,,0,0,,,
,,,,,,,,,,,0,0,,,
,,,,,,,,,,,0,0,,,
,,,,,,,,,,,0,0,,,
,,,,,,,,,,,0,0,,,
,,,,,,,,,,,0,0,,,
,,,,,,,,,,,0,0,,,
,,,,,,,,,,,0,0,,,
,,,,,,,,,,,0,0,,,
,,,,,,,,,,,0,0,,,
,,,,,,,,,,,0,0,,,
,,,,,,,,,,,0,0,,,
,,,,,,,,,,,0,0,,,
,,,,,,,,,,,0,0,,,
,,,,,,,,,,,0,0,,,
,,,,,,,,,,,0,0,,,
,,,,,,,,,,,0,0,,,
,,,,,,,,,,,0,0,,,
,,,,,,,,,,,0,0,,,
,,,,,,,,,,,0,0,,,
,,,,,,,,,,,0,0,,,
,,,,,,,,,,,0,0,,,
,,,,,,,,,,,0,0,,,
,,,,,,,,,,,0,0,,,
,,,,,,,,,,,0,0,,,
,,,,,,,,,,,0,0,,,
,,,,,,,,,,,0,0,,,
,,,,,,,,,,,0,0,,,
,,,,,,,,,,,0,0,,,
,,,,,,,,,,,0,0,,,
,,,,,,,,,,,0,0,,,
,,,,,,,,,,,0,0,,,
,,,,,,,,,,,0,0,,,
,,,,,,,,,,,0,0,,,
,,,,,,,,,,,0,0,,,
,,,,,,,,,,,0,0,,,
,,,,,,,,,,,0,0,,,
,,,,,,,,,,,0,0,,,
,,,,,,,,,,,0,0,,,
,,,,,,,,,,,0,0,,,
,,,,,,,,,,,0,0,,,
,,,,,,,,,,,0,0,,,
,,,,,,,,,,,0,0,,,
,,,,,,,,,,,0,0,,,
,,,,,,,,,,,0,0,,,
,,,,,,,,,,,0,0,,,
,,,,,,,,,,,0,0,,,
,,,,,,,,,,,0,0,,,
,,,,,,,,,,,0,0,,,
,,,,,,,,,,,0,0,,,
,,,,,,,,,,,0,0,,,
,,,,,,,,,,,0,0,,,
,,,,,,,,,,,0,0,,,
,,,,,,,,,,,0,0,,,
,,,,,,,,,,,0,0,,,
,,,,,,,,,,,0,0,,,
,,,,,,,,,,,0,0,,,
,,,,,,,,,,,0,0,,,
,,,,,,,,,,,0,0,,,
,,,,,,,,,,,0,0,,,
,,,,,,,,,,,0,0,,,
,,,,,,,,,,,0,0,,,
,,,,,,,,,,,0,0,,,
,,,,,,,,,,,0,0,,,
,,,,,,,,,,,0,0,,,
,,,,,,,,,,,0,0,,,
,,,,,,,,,,,0,0,,,
,,,,,,,,,,,0,0,,,
,,,,,,,,,,,0,0,,,
,,,,,,,,,,,0,0,,,
,,,,,,,,,,,0,0,,,
